//Pawn
00000000000000000000000000000000000000000000000000
00000000000000000000000000000000000000000000000000
00000000000000000000000000000000000000000000000000
00000000000000000000000000000000000000000000000000
00000000000000000000000000000000000000000000000000
00000000000000000000000000000000000000000000000000
00000000000000000000000000000000000000000000000000
00000000000000000000000000000000000000000000000000
00000000000000000000000000000000000000000000000000
00000000000000000000000000000000000000000000000000
00000000000000000000000000000000000000000000000000
00000000000000000000000000000000000000000000000000
00000000000000000000000000000000000000000000000000
00000000000000000000000000000000000000000000000000
00000000000000000000000111100000000000000000000000
00000000000000000000011111111000000000000000000000
00000000000000000001111111111110000000000000000000
00000000000000000111111111111111100000000000000000
00000000000000000111111111111111100000000000000000
00000000000000001111111111111111110000000000000000
00000000000000001111111111111111110000000000000000
00000000000000011111111111111111111000000000000000
00000000000000011111111111111111111000000000000000
00000000000000011111111111111111111000000000000000
00000000000000011111111111111111111000000000000000
00000000000000011111111111111111111000000000000000
00000000000000011111111111111111111000000000000000
00000000000000001111111111111111110000000000000000
00000000000000001111111111111111110000000000000000
00000000000000000111111111111111100000000000000000
00000000000000000111111111111111100000000000000000
00000000000000000011111111111111000000000000000000
00000000000000000000111111111100000000000000000000
00000000000000011111111111111111111000000000000000
00000000001111111111111111111111111111110000000000
00000000000011111111111111111111111111000000000000
00000000000000111111111111111111111100000000000000
00000000000000111111111111111111111100000000000000
00000000000000111111111111111111111100000000000000
00000000000011111111111111111111111111000000000000
00000000001111111111111111111111111111110000000000
00000000111111111111111111111111111111111100000000
00000011111111111111111111111111111111111111000000
00001111111111111111111111111111111111111111110000
00111111111111111111111111111111111111111111111100
11111111111111111111111111111111111111111111111111
11111111111111111111111111111111111111111111111111
11111111111111111111111111111111111111111111111111
11111111111111111111111111111111111111111111111111
11111111111111111111111111111111111111111111111111
//Knight
00000000000000000000000000000000000000000000000000
00000000000000000000000000000000000000000000000000
00000000000000000000000000000000000000000000000000
00000000000000000000000000000000000000000000000000
00000000000000000000000000000000000000000000000000
00000000000000000000000000000000000000000000000000
00000000000000000000000000000000000000000000000000
00000000000000000000000000000000000000000000000000
00000000000000000000000000000000000000000000000000
00000000000000000000000000000000000000000000000000
00000000000000000000000000000000000000000000000000
00000000000000000000000000000000000000000000000000
00000000000000000000000000000000000000000000000000
00000000000000000000000000000000000000000000000000
00000000000000000000000000000000000000000000000000
00000000000000000000000000000000000000000000000000
00000000000000000000000000000000000000000000000000
00000000000000000000000000000000000000000000000000
00000000000000000000000000000000000000000000000000
00000000000000000000000000000000000000000000000000
00000000000000000000000000000000000000000000000000
00000000000000000000000000000000000000000000000000
00000000000000000000000000000000000000000000000000
00000000000111000000001100000000000000000000000000
00000000000111100000001100000000000000000000000000
00000000000111100000001100000000000000000000000000
00000000000111110000001100000000000000000000000000
00000000000111110000001100000000000000000000000000
00000000000110111000001100000000000000000000000000
00000000000110111000001100000000000000000000000000
00000000000110011100001100000000000000000000000000
00000000000110011100001100000000000000000000000000
00000000000110001110001100000000000000000000000000
00000000000110001110001100000000000000000000000000
00000000000110000111001100000000000000000000000000
00000000000110000111001100000000000000000000000000
00000000000110000011101100000000000000000000000000
00000000000110000011101100000000000000000000000000
00000000000110000001111100000000000000000000000000
00000000000110000001111100000000000000000000000000
00000000000110000000111100000000000000000000000000
00000000000110000000111100000000000000000000000000
00000000000110000000011100000000000000000000000000
00000000000000000000000000000000000000000000000000
00000000000000000000000000000000000000000000000000
11111111111111111111111111111111111111111111111111
11111111111111111111111111111111111111111111111111
11111111111111111111111111111111111111111111111111
11111111111111111111111111111111111111111111111111
11111111111111111111111111111111111111111111111111
//Bishop
00000000000000000000000000000000000000000000000000
00000000000000000000000000000000000000000000000000
00000000000000000000000000000000000000000000000000
00000000000000000000000000000000000000000000000000
00000000000000000000000000000000000000000000000000
00000000000000000000000000000000000000000000000000
00000000000000000000000000000000000000000000000000
00000000000000000000000000000000000000000000000000
00000000000000000000000000000000000000000000000000
00000000000000000000000000000000000000000000000000
00000000000000000000000000000000000000000000000000
00000000000000000000000000000000000000000000000000
00000000000000000000000000000000000000000000000000
00000000000000000000000000000000000000000000000000
00000000000000000000000000000000000000000000000000
00000000000000000000000000000000000000000000000000
00000000000000000000000000000000000000000000000000
00000000000000000000000000000000000000000000000000
00000000000000000000000000000000000000000000000000
00000000000000000000000000000000000000000000000000
00000000000000000000000000000000000000000000000000
00000000000000000000000000000000000000000000000000
00000000111111111111111111111111111111110000000000
00000000111111111111111111111111111111111100000000
00000000110000000000000000000000000000001100000000
00000000110000000000000000000000000000001100000000
00000000110000000000000000000000000000011000000000
00000000110000000000000000000000000000110000000000
00000000110000000000000000000000000001100000000000
00000000110000000000000001111111111111000000000000
00000000110001111111111111110000000000000000000000
00000000111111110000000000000000000000000000000000
00000000111111110000000000000000000000000000000000
00000000110001111111111111110000000000000000000000
00000000110000000000000001111111111111000000000000
00000000110000000000000000000000000001100000000000
00000000110000000000000000000000000000110000000000
00000000110000000000000000000000000000011000000000
00000000110000000000000000000000000000001100000000
00000000110000000000000000000000000000001100000000
00000000111111111111111111111111111111111100000000
00000000111111111111111111111111111111110000000000
00000000000000000000000000000000000000000000000000
00000000000000000000000000000000000000000000000000
00000000000000000000000000000000000000000000000000
11111111111111111111111111111111111111111111111111
11111111111111111111111111111111111111111111111111
11111111111111111111111111111111111111111111111111
11111111111111111111111111111111111111111111111111
11111111111111111111111111111111111111111111111111
//Rook
00000000000000000000000000000000000000000000000000
00000000000000000000000000000000000000000000000000
00000000000000000000000000000000000000000000000000
00000000000000000000000000000000000000000000000000
00000000000000000000000000000000000000000000000000
00000000000000000000000000000000000000000000000000
00000000000000000000000000000000000000000000000000
00000000000000000000000000000000000000000000000000
00000000000000000000000000000000000000000000000000
00000000000000000000000000000000000000000000000000
00000000000000000000000000000000000000000000000000
00000000000000000000000000000000000000000000000000
00000000000000000000000000000000000000000000000000
00000000000000000000000000000000000000000000000000
00000000000000000000000000000000000000000000000000
00000000000000000000000000000000000000000000000000
00000000000000000000000000000000000000000000000000
00000000000000000000000000000000000000000000000000
00000000000000000000000000000000000000000000000000
00000000000000000000000000000000000000000000000000
00000000000000000000000000000000000000000000000000
00000000000000000000000000000000000000000000000000
00000000000000000000000000000000000000000000000000
00000000000000000000000000000000000000000000000000
00000000000111111111111111100000000000000000000000
00000000000111111111111111110000000000000000000000
00000000000110000000000000111000000000000000000000
00000000000110000000000000011100000000000000000000
00000000000110000000000000011100000000000000000000
00000000000110000000000000111000000000000000000000
00000000000110000000000111100000000000000000000000
00000000000110000011111110000000000000000000000000
00000000000111111111100000000000000000000000000000
00000000000110000011110000000000000000000000000000
00000000000110000000111000000000000000000000000000
00000000000110000000001100000000000000000000000000
00000000000110000000000011000000000000000000000000
00000000000110000000000001100000000000000000000000
00000000000110000000000000011000000000000000000000
00000000000110000000000000001100000000000000000000
00000000000110000000000000000011000000000000000000
00000000000110000000000000000001100000000000000000
00000000000110000000000000000001100000000000000000
00000000000110000000000000000001100000000000000000
00000000000000000000000000000000000000000000000000
11111111111111111111111111111111111111111111111111
11111111111111111111111111111111111111111111111111
11111111111111111111111111111111111111111111111111
11111111111111111111111111111111111111111111111111
11111111111111111111111111111111111111111111111111
//Queen
00000000000000000000000000000000000000000000000000
00000000000000000000000000000000000000000000000000
00000000000000000000000000000000000000000000000000
00000000000000000000000000000000000000000000000000
00000000000000000000000000000000000000000000000000
00000000000000000000000000000000000000000000000000
00000000000000000000000000000000000000000000000000
00000000000000000000000000000000000000000000000000
00000000000000000000000000000000000000000000000000
00000000000000000000000000000000000000000000000000
00000000000000000000000000000000000000000000000000
00000000000000000000000000000000000000000000000000
00000000000000000000000000000000000000000000000000
00000000000000000000000000000000000000000000000000
00000000000000000000000000000000000000000000000000
00000000000000000000000000000000000000000000000000
00000000000000000000000000000000000000000000000000
00000000000000000000000000000000000000000000000000
00000000000000000000000000000000000000000000000000
00000000000000000000000000000000000000000000000000
00000000000000000000000000000000000000000000000000
00000000000000000000000000000000000000000000000000
00000000000000000000000000000000000000000000000000
00000000000000000000000000000000000000000000000000
00000000000000000000000000000000000000000000000000
00000000000000000000000000000000000000000000000000
00000000000000000000000000000000000000000000000000
00000000000000000111111111111000000000000000000000
00000000000000011111000000111110000000000000000000
00000000000001111000000000001111000000000000000000
00000000000111100000000000000011110000000000000000
00000000001110000000000000000000111000000000000000
00000000011100000000000000000000011100000000000000
00000000011100000000000000000000011100000000000000
00000000011100000000000000000000011100000000000000
00000000011100000000000000000000011100000000000000
00000000011100000000000000000000011100000000000000
00000000011100000000000000000000011100000000000000
00000000011100000000000000000000011100000000000000
00000000001111000000000001100001111000000000000000
00000000000111100000000000110011110000000000000000
00000000000000111100000000011110000000000000000000
00000000000000000111111111111100000000000000000000
00000000000000000000000000000110000000000000000000
00000000000000000000000000000000000000000000000000
11111111111111111111111111111111111111111111111111
11111111111111111111111111111111111111111111111111
11111111111111111111111111111111111111111111111111
11111111111111111111111111111111111111111111111111
11111111111111111111111111111111111111111111111111
//King
00000000000000000000000000000000000000000000000000
00000000000000000000000000000000000000000000000000
00000000000000000000000000000000000000000000000000
00000000000000000000000000000000000000000000000000
00000000000000000000000000000000000000000000000000
00000000000000000000000000000000000000000000000000
00000000000000000000000000000000000000000000000000
00000000000000000000000000000000000000000000000000
00000000000000000000000000000000000000000000000000
00000000000000000000000000000000000000000000000000
00000000000000000000000000000000000000000000000000
00000000000000000000000000000000000000000000000000
00000000000000000000000000000000000000000000000000
00000000000000000000000000000000000000000000000000
00000000000000000000000000000000000000000000000000
00000000000000000000000000000000000000000000000000
00000000000000000000000000000000000000000000000000
00000000000000000000000000000000000000000000000000
00000000000000000000000000000000000000000000000000
00000000000000000000000000000000000000000000000000
00000000000000000000000000000000000000000000000000
00000000000000000000000000000000000000000000000000
00000000000000000000000000000000000000000000000000
00000000000110000000000011000000000000000000000000
00000000000110000000000111000000000000000000000000
00000000000110000000001110000000000000000000000000
00000000000110000000011100000000000000000000000000
00000000000110000000111000000000000000000000000000
00000000000110000001110000000000000000000000000000
00000000000110000011100000000000000000000000000000
00000000000110000111000000000000000000000000000000
00000000000110001110000000000000000000000000000000
00000000000110011100000000000000000000000000000000
00000000000110111000000000000000000000000000000000
00000000000111110000000000000000000000000000000000
00000000000111110000000000000000000000000000000000
00000000000110111000000000000000000000000000000000
00000000000110011100000000000000000000000000000000
00000000000110001110000000000000000000000000000000
00000000000110000111000000000000000000000000000000
00000000000110000011100000000000000000000000000000
00000000000110000001110000000000000000000000000000
00000000000110000000111000000000000000000000000000
00000000000110000000011000000000000000000000000000
00000000000000000000000000000000000000000000000000
11111111111111111111111111111111111111111111111111
11111111111111111111111111111111111111111111111111
11111111111111111111111111111111111111111111111111
11111111111111111111111111111111111111111111111111
11111111111111111111111111111111111111111111111111